{
 "cells": [
  {
   "cell_type": "code",
   "execution_count": 1,
   "id": "319ecf59-e5d9-4e1f-9ca0-8e12eac73185",
   "metadata": {},
   "outputs": [],
   "source": [
    "import numpy as np\n",
    "import pandas as pd\n",
    "import base64\n",
    "import matplotlib.pyplot as plt\n",
    "import seaborn as sns\n",
    "from sklearn.model_selection import train_test_split, KFold, LeaveOneOut, LeavePOut, RepeatedStratifiedKFold, RepeatedKFold\n",
    "from sklearn.preprocessing import LabelEncoder, minmax_scale, MinMaxScaler, StandardScaler\n",
    "from sklearn.tree import DecisionTreeRegressor, DecisionTreeClassifier, plot_tree, export_text\n",
    "from sklearn.neighbors import KNeighborsClassifier, KNeighborsRegressor\n",
    "from sklearn.linear_model import LinearRegression, LogisticRegression\n",
    "from sklearn.cluster import KMeans\n",
    "from keras.models import Sequential\n",
    "from keras.layers import LSTM, Dense, Bidirectional, Dropout, Activation, Flatten\n",
    "from sklearn.metrics import (accuracy_score,confusion_matrix, ConfusionMatrixDisplay, r2_score, silhouette_score, \n",
    "balanced_accuracy_score,cohen_kappa_score, recall_score, precision_score, f1_score)\n",
    "from kneed import knee_locator, KneeLocator\n",
    "import warnings\n",
    "warnings.filterwarnings(\"ignore\")"
   ]
  },
  {
   "cell_type": "code",
   "execution_count": 2,
   "id": "110c4e82-fedb-4b69-afc1-56cdd0ee838c",
   "metadata": {},
   "outputs": [
    {
     "data": {
      "text/html": [
       "<div>\n",
       "<style scoped>\n",
       "    .dataframe tbody tr th:only-of-type {\n",
       "        vertical-align: middle;\n",
       "    }\n",
       "\n",
       "    .dataframe tbody tr th {\n",
       "        vertical-align: top;\n",
       "    }\n",
       "\n",
       "    .dataframe thead th {\n",
       "        text-align: right;\n",
       "    }\n",
       "</style>\n",
       "<table border=\"1\" class=\"dataframe\">\n",
       "  <thead>\n",
       "    <tr style=\"text-align: right;\">\n",
       "      <th></th>\n",
       "      <th>Weekday</th>\n",
       "      <th>Date</th>\n",
       "      <th>Month</th>\n",
       "      <th>Year</th>\n",
       "      <th>Lagna</th>\n",
       "      <th>Sun</th>\n",
       "      <th>Moon</th>\n",
       "      <th>Mars</th>\n",
       "      <th>Mercury</th>\n",
       "      <th>Jupiter</th>\n",
       "      <th>Venus</th>\n",
       "      <th>Saturn</th>\n",
       "      <th>Rahu</th>\n",
       "      <th>Ketu</th>\n",
       "      <th>1st Num</th>\n",
       "    </tr>\n",
       "  </thead>\n",
       "  <tbody>\n",
       "    <tr>\n",
       "      <th>0</th>\n",
       "      <td>Tuesday</td>\n",
       "      <td>4</td>\n",
       "      <td>1</td>\n",
       "      <td>2022</td>\n",
       "      <td>30</td>\n",
       "      <td>60</td>\n",
       "      <td>66</td>\n",
       "      <td>36</td>\n",
       "      <td>84</td>\n",
       "      <td>24</td>\n",
       "      <td>21</td>\n",
       "      <td>66</td>\n",
       "      <td>9</td>\n",
       "      <td>17</td>\n",
       "      <td>sixteentwenties</td>\n",
       "    </tr>\n",
       "    <tr>\n",
       "      <th>1</th>\n",
       "      <td>Friday</td>\n",
       "      <td>7</td>\n",
       "      <td>1</td>\n",
       "      <td>2022</td>\n",
       "      <td>30</td>\n",
       "      <td>80</td>\n",
       "      <td>100</td>\n",
       "      <td>54</td>\n",
       "      <td>22</td>\n",
       "      <td>24</td>\n",
       "      <td>80</td>\n",
       "      <td>66</td>\n",
       "      <td>9</td>\n",
       "      <td>17</td>\n",
       "      <td>onefives</td>\n",
       "    </tr>\n",
       "    <tr>\n",
       "      <th>2</th>\n",
       "      <td>Tuesday</td>\n",
       "      <td>11</td>\n",
       "      <td>1</td>\n",
       "      <td>2022</td>\n",
       "      <td>40</td>\n",
       "      <td>21</td>\n",
       "      <td>6</td>\n",
       "      <td>72</td>\n",
       "      <td>44</td>\n",
       "      <td>24</td>\n",
       "      <td>60</td>\n",
       "      <td>66</td>\n",
       "      <td>9</td>\n",
       "      <td>17</td>\n",
       "      <td>onefives</td>\n",
       "    </tr>\n",
       "    <tr>\n",
       "      <th>3</th>\n",
       "      <td>Friday</td>\n",
       "      <td>14</td>\n",
       "      <td>1</td>\n",
       "      <td>2022</td>\n",
       "      <td>11</td>\n",
       "      <td>42</td>\n",
       "      <td>5</td>\n",
       "      <td>72</td>\n",
       "      <td>44</td>\n",
       "      <td>24</td>\n",
       "      <td>60</td>\n",
       "      <td>66</td>\n",
       "      <td>9</td>\n",
       "      <td>17</td>\n",
       "      <td>sixtens</td>\n",
       "    </tr>\n",
       "    <tr>\n",
       "      <th>4</th>\n",
       "      <td>Tuesday</td>\n",
       "      <td>18</td>\n",
       "      <td>1</td>\n",
       "      <td>2022</td>\n",
       "      <td>22</td>\n",
       "      <td>63</td>\n",
       "      <td>32</td>\n",
       "      <td>19</td>\n",
       "      <td>44</td>\n",
       "      <td>48</td>\n",
       "      <td>40</td>\n",
       "      <td>66</td>\n",
       "      <td>9</td>\n",
       "      <td>17</td>\n",
       "      <td>onefives</td>\n",
       "    </tr>\n",
       "  </tbody>\n",
       "</table>\n",
       "</div>"
      ],
      "text/plain": [
       "   Weekday  Date  Month  Year  Lagna  Sun  Moon  Mars  Mercury  Jupiter  \\\n",
       "0  Tuesday     4      1  2022     30   60    66    36       84       24   \n",
       "1   Friday     7      1  2022     30   80   100    54       22       24   \n",
       "2  Tuesday    11      1  2022     40   21     6    72       44       24   \n",
       "3   Friday    14      1  2022     11   42     5    72       44       24   \n",
       "4  Tuesday    18      1  2022     22   63    32    19       44       48   \n",
       "\n",
       "   Venus  Saturn  Rahu  Ketu          1st Num  \n",
       "0     21      66     9    17  sixteentwenties  \n",
       "1     80      66     9    17         onefives  \n",
       "2     60      66     9    17         onefives  \n",
       "3     60      66     9    17          sixtens  \n",
       "4     40      66     9    17         onefives  "
      ]
     },
     "execution_count": 2,
     "metadata": {},
     "output_type": "execute_result"
    }
   ],
   "source": [
    "df = pd.read_csv(\"E:/Python Programs/EuroAstro/new_y1.csv\")\n",
    "df.head()"
   ]
  },
  {
   "cell_type": "code",
   "execution_count": 3,
   "id": "2f7cb18e-2feb-46e4-a076-3792f9d2e4fe",
   "metadata": {},
   "outputs": [],
   "source": [
    "encoding = LabelEncoder()\n",
    "df[\"Weekday\"] = encoding.fit_transform(df[\"Weekday\"])\n",
    "df[\"Year\"] = encoding.fit_transform(df[\"Year\"])\n",
    "df[\"1st Num\"] = encoding.fit_transform(df[\"1st Num\"])"
   ]
  },
  {
   "cell_type": "code",
   "execution_count": 4,
   "id": "1252b811-7f66-498a-af9a-76436ae4dd50",
   "metadata": {},
   "outputs": [
    {
     "data": {
      "text/html": [
       "<div>\n",
       "<style scoped>\n",
       "    .dataframe tbody tr th:only-of-type {\n",
       "        vertical-align: middle;\n",
       "    }\n",
       "\n",
       "    .dataframe tbody tr th {\n",
       "        vertical-align: top;\n",
       "    }\n",
       "\n",
       "    .dataframe thead th {\n",
       "        text-align: right;\n",
       "    }\n",
       "</style>\n",
       "<table border=\"1\" class=\"dataframe\">\n",
       "  <thead>\n",
       "    <tr style=\"text-align: right;\">\n",
       "      <th></th>\n",
       "      <th>Weekday</th>\n",
       "      <th>Date</th>\n",
       "      <th>Month</th>\n",
       "      <th>Year</th>\n",
       "      <th>Lagna</th>\n",
       "      <th>Sun</th>\n",
       "      <th>Moon</th>\n",
       "      <th>Mars</th>\n",
       "      <th>Mercury</th>\n",
       "      <th>Jupiter</th>\n",
       "      <th>Venus</th>\n",
       "      <th>Saturn</th>\n",
       "      <th>Rahu</th>\n",
       "      <th>Ketu</th>\n",
       "      <th>1st Num</th>\n",
       "    </tr>\n",
       "  </thead>\n",
       "  <tbody>\n",
       "    <tr>\n",
       "      <th>0</th>\n",
       "      <td>1</td>\n",
       "      <td>4</td>\n",
       "      <td>1</td>\n",
       "      <td>0</td>\n",
       "      <td>30</td>\n",
       "      <td>60</td>\n",
       "      <td>66</td>\n",
       "      <td>36</td>\n",
       "      <td>84</td>\n",
       "      <td>24</td>\n",
       "      <td>21</td>\n",
       "      <td>66</td>\n",
       "      <td>9</td>\n",
       "      <td>17</td>\n",
       "      <td>2</td>\n",
       "    </tr>\n",
       "    <tr>\n",
       "      <th>1</th>\n",
       "      <td>0</td>\n",
       "      <td>7</td>\n",
       "      <td>1</td>\n",
       "      <td>0</td>\n",
       "      <td>30</td>\n",
       "      <td>80</td>\n",
       "      <td>100</td>\n",
       "      <td>54</td>\n",
       "      <td>22</td>\n",
       "      <td>24</td>\n",
       "      <td>80</td>\n",
       "      <td>66</td>\n",
       "      <td>9</td>\n",
       "      <td>17</td>\n",
       "      <td>1</td>\n",
       "    </tr>\n",
       "    <tr>\n",
       "      <th>2</th>\n",
       "      <td>1</td>\n",
       "      <td>11</td>\n",
       "      <td>1</td>\n",
       "      <td>0</td>\n",
       "      <td>40</td>\n",
       "      <td>21</td>\n",
       "      <td>6</td>\n",
       "      <td>72</td>\n",
       "      <td>44</td>\n",
       "      <td>24</td>\n",
       "      <td>60</td>\n",
       "      <td>66</td>\n",
       "      <td>9</td>\n",
       "      <td>17</td>\n",
       "      <td>1</td>\n",
       "    </tr>\n",
       "    <tr>\n",
       "      <th>3</th>\n",
       "      <td>0</td>\n",
       "      <td>14</td>\n",
       "      <td>1</td>\n",
       "      <td>0</td>\n",
       "      <td>11</td>\n",
       "      <td>42</td>\n",
       "      <td>5</td>\n",
       "      <td>72</td>\n",
       "      <td>44</td>\n",
       "      <td>24</td>\n",
       "      <td>60</td>\n",
       "      <td>66</td>\n",
       "      <td>9</td>\n",
       "      <td>17</td>\n",
       "      <td>3</td>\n",
       "    </tr>\n",
       "    <tr>\n",
       "      <th>4</th>\n",
       "      <td>1</td>\n",
       "      <td>18</td>\n",
       "      <td>1</td>\n",
       "      <td>0</td>\n",
       "      <td>22</td>\n",
       "      <td>63</td>\n",
       "      <td>32</td>\n",
       "      <td>19</td>\n",
       "      <td>44</td>\n",
       "      <td>48</td>\n",
       "      <td>40</td>\n",
       "      <td>66</td>\n",
       "      <td>9</td>\n",
       "      <td>17</td>\n",
       "      <td>1</td>\n",
       "    </tr>\n",
       "  </tbody>\n",
       "</table>\n",
       "</div>"
      ],
      "text/plain": [
       "   Weekday  Date  Month  Year  Lagna  Sun  Moon  Mars  Mercury  Jupiter  \\\n",
       "0        1     4      1     0     30   60    66    36       84       24   \n",
       "1        0     7      1     0     30   80   100    54       22       24   \n",
       "2        1    11      1     0     40   21     6    72       44       24   \n",
       "3        0    14      1     0     11   42     5    72       44       24   \n",
       "4        1    18      1     0     22   63    32    19       44       48   \n",
       "\n",
       "   Venus  Saturn  Rahu  Ketu  1st Num  \n",
       "0     21      66     9    17        2  \n",
       "1     80      66     9    17        1  \n",
       "2     60      66     9    17        1  \n",
       "3     60      66     9    17        3  \n",
       "4     40      66     9    17        1  "
      ]
     },
     "execution_count": 4,
     "metadata": {},
     "output_type": "execute_result"
    }
   ],
   "source": [
    "# 0 means Friday; 1 means Tuesday\n",
    "# 0 means 2022; 1 means 2023; 2 means 2024\n",
    "# 0 means elevenfifteens, 1 means onefives, 2 means sixteentwenties, 3 means sixtens, 4 means thirtyonefives,\n",
    "# 5 means twentyonefives, 6 means twentysixthirties\n",
    "\n",
    "df.head()"
   ]
  },
  {
   "cell_type": "code",
   "execution_count": 5,
   "id": "4ca93b4d-cb2d-4fc5-8694-e7eec4f0458b",
   "metadata": {},
   "outputs": [],
   "source": [
    "X = df.iloc[:,0:14]\n",
    "y = df.iloc[:,14:15]"
   ]
  },
  {
   "cell_type": "code",
   "execution_count": 6,
   "id": "fee00bf3-c140-4660-acaa-90a6b8840aa2",
   "metadata": {},
   "outputs": [
    {
     "data": {
      "text/html": [
       "<div>\n",
       "<style scoped>\n",
       "    .dataframe tbody tr th:only-of-type {\n",
       "        vertical-align: middle;\n",
       "    }\n",
       "\n",
       "    .dataframe tbody tr th {\n",
       "        vertical-align: top;\n",
       "    }\n",
       "\n",
       "    .dataframe thead th {\n",
       "        text-align: right;\n",
       "    }\n",
       "</style>\n",
       "<table border=\"1\" class=\"dataframe\">\n",
       "  <thead>\n",
       "    <tr style=\"text-align: right;\">\n",
       "      <th></th>\n",
       "      <th>Weekday</th>\n",
       "      <th>Date</th>\n",
       "      <th>Month</th>\n",
       "      <th>Year</th>\n",
       "      <th>Lagna</th>\n",
       "      <th>Sun</th>\n",
       "      <th>Moon</th>\n",
       "      <th>Mars</th>\n",
       "      <th>Mercury</th>\n",
       "      <th>Jupiter</th>\n",
       "      <th>Venus</th>\n",
       "      <th>Saturn</th>\n",
       "      <th>Rahu</th>\n",
       "      <th>Ketu</th>\n",
       "    </tr>\n",
       "  </thead>\n",
       "  <tbody>\n",
       "    <tr>\n",
       "      <th>0</th>\n",
       "      <td>1</td>\n",
       "      <td>4</td>\n",
       "      <td>1</td>\n",
       "      <td>0</td>\n",
       "      <td>30</td>\n",
       "      <td>60</td>\n",
       "      <td>66</td>\n",
       "      <td>36</td>\n",
       "      <td>84</td>\n",
       "      <td>24</td>\n",
       "      <td>21</td>\n",
       "      <td>66</td>\n",
       "      <td>9</td>\n",
       "      <td>17</td>\n",
       "    </tr>\n",
       "    <tr>\n",
       "      <th>1</th>\n",
       "      <td>0</td>\n",
       "      <td>7</td>\n",
       "      <td>1</td>\n",
       "      <td>0</td>\n",
       "      <td>30</td>\n",
       "      <td>80</td>\n",
       "      <td>100</td>\n",
       "      <td>54</td>\n",
       "      <td>22</td>\n",
       "      <td>24</td>\n",
       "      <td>80</td>\n",
       "      <td>66</td>\n",
       "      <td>9</td>\n",
       "      <td>17</td>\n",
       "    </tr>\n",
       "    <tr>\n",
       "      <th>2</th>\n",
       "      <td>1</td>\n",
       "      <td>11</td>\n",
       "      <td>1</td>\n",
       "      <td>0</td>\n",
       "      <td>40</td>\n",
       "      <td>21</td>\n",
       "      <td>6</td>\n",
       "      <td>72</td>\n",
       "      <td>44</td>\n",
       "      <td>24</td>\n",
       "      <td>60</td>\n",
       "      <td>66</td>\n",
       "      <td>9</td>\n",
       "      <td>17</td>\n",
       "    </tr>\n",
       "    <tr>\n",
       "      <th>3</th>\n",
       "      <td>0</td>\n",
       "      <td>14</td>\n",
       "      <td>1</td>\n",
       "      <td>0</td>\n",
       "      <td>11</td>\n",
       "      <td>42</td>\n",
       "      <td>5</td>\n",
       "      <td>72</td>\n",
       "      <td>44</td>\n",
       "      <td>24</td>\n",
       "      <td>60</td>\n",
       "      <td>66</td>\n",
       "      <td>9</td>\n",
       "      <td>17</td>\n",
       "    </tr>\n",
       "    <tr>\n",
       "      <th>4</th>\n",
       "      <td>1</td>\n",
       "      <td>18</td>\n",
       "      <td>1</td>\n",
       "      <td>0</td>\n",
       "      <td>22</td>\n",
       "      <td>63</td>\n",
       "      <td>32</td>\n",
       "      <td>19</td>\n",
       "      <td>44</td>\n",
       "      <td>48</td>\n",
       "      <td>40</td>\n",
       "      <td>66</td>\n",
       "      <td>9</td>\n",
       "      <td>17</td>\n",
       "    </tr>\n",
       "  </tbody>\n",
       "</table>\n",
       "</div>"
      ],
      "text/plain": [
       "   Weekday  Date  Month  Year  Lagna  Sun  Moon  Mars  Mercury  Jupiter  \\\n",
       "0        1     4      1     0     30   60    66    36       84       24   \n",
       "1        0     7      1     0     30   80   100    54       22       24   \n",
       "2        1    11      1     0     40   21     6    72       44       24   \n",
       "3        0    14      1     0     11   42     5    72       44       24   \n",
       "4        1    18      1     0     22   63    32    19       44       48   \n",
       "\n",
       "   Venus  Saturn  Rahu  Ketu  \n",
       "0     21      66     9    17  \n",
       "1     80      66     9    17  \n",
       "2     60      66     9    17  \n",
       "3     60      66     9    17  \n",
       "4     40      66     9    17  "
      ]
     },
     "execution_count": 6,
     "metadata": {},
     "output_type": "execute_result"
    }
   ],
   "source": [
    "X.head()"
   ]
  },
  {
   "cell_type": "code",
   "execution_count": 7,
   "id": "6565c656-e73a-48e5-ad4d-0b681e3a2f1f",
   "metadata": {},
   "outputs": [
    {
     "data": {
      "text/html": [
       "<div>\n",
       "<style scoped>\n",
       "    .dataframe tbody tr th:only-of-type {\n",
       "        vertical-align: middle;\n",
       "    }\n",
       "\n",
       "    .dataframe tbody tr th {\n",
       "        vertical-align: top;\n",
       "    }\n",
       "\n",
       "    .dataframe thead th {\n",
       "        text-align: right;\n",
       "    }\n",
       "</style>\n",
       "<table border=\"1\" class=\"dataframe\">\n",
       "  <thead>\n",
       "    <tr style=\"text-align: right;\">\n",
       "      <th></th>\n",
       "      <th>1st Num</th>\n",
       "    </tr>\n",
       "  </thead>\n",
       "  <tbody>\n",
       "    <tr>\n",
       "      <th>0</th>\n",
       "      <td>2</td>\n",
       "    </tr>\n",
       "    <tr>\n",
       "      <th>1</th>\n",
       "      <td>1</td>\n",
       "    </tr>\n",
       "    <tr>\n",
       "      <th>2</th>\n",
       "      <td>1</td>\n",
       "    </tr>\n",
       "    <tr>\n",
       "      <th>3</th>\n",
       "      <td>3</td>\n",
       "    </tr>\n",
       "    <tr>\n",
       "      <th>4</th>\n",
       "      <td>1</td>\n",
       "    </tr>\n",
       "  </tbody>\n",
       "</table>\n",
       "</div>"
      ],
      "text/plain": [
       "   1st Num\n",
       "0        2\n",
       "1        1\n",
       "2        1\n",
       "3        3\n",
       "4        1"
      ]
     },
     "execution_count": 7,
     "metadata": {},
     "output_type": "execute_result"
    }
   ],
   "source": [
    "y.head()"
   ]
  },
  {
   "cell_type": "code",
   "execution_count": 8,
   "id": "457ef9d5-7d44-4477-be99-2bc2ce9b2a6c",
   "metadata": {},
   "outputs": [
    {
     "data": {
      "text/html": [
       "<div>\n",
       "<style scoped>\n",
       "    .dataframe tbody tr th:only-of-type {\n",
       "        vertical-align: middle;\n",
       "    }\n",
       "\n",
       "    .dataframe tbody tr th {\n",
       "        vertical-align: top;\n",
       "    }\n",
       "\n",
       "    .dataframe thead th {\n",
       "        text-align: right;\n",
       "    }\n",
       "</style>\n",
       "<table border=\"1\" class=\"dataframe\">\n",
       "  <thead>\n",
       "    <tr style=\"text-align: right;\">\n",
       "      <th></th>\n",
       "      <th>0</th>\n",
       "      <th>1</th>\n",
       "      <th>2</th>\n",
       "      <th>3</th>\n",
       "      <th>4</th>\n",
       "      <th>5</th>\n",
       "      <th>6</th>\n",
       "      <th>7</th>\n",
       "      <th>8</th>\n",
       "      <th>9</th>\n",
       "      <th>10</th>\n",
       "      <th>11</th>\n",
       "      <th>12</th>\n",
       "      <th>13</th>\n",
       "    </tr>\n",
       "  </thead>\n",
       "  <tbody>\n",
       "    <tr>\n",
       "      <th>0</th>\n",
       "      <td>0.996262</td>\n",
       "      <td>-1.327658</td>\n",
       "      <td>-1.473952</td>\n",
       "      <td>-1.089808</td>\n",
       "      <td>-0.188700</td>\n",
       "      <td>0.912933</td>\n",
       "      <td>1.253579</td>\n",
       "      <td>0.111163</td>\n",
       "      <td>1.844915</td>\n",
       "      <td>-0.288489</td>\n",
       "      <td>-0.473017</td>\n",
       "      <td>0.734723</td>\n",
       "      <td>-0.414686</td>\n",
       "      <td>-1.267311</td>\n",
       "    </tr>\n",
       "    <tr>\n",
       "      <th>1</th>\n",
       "      <td>-1.003752</td>\n",
       "      <td>-0.984940</td>\n",
       "      <td>-1.473952</td>\n",
       "      <td>-1.089808</td>\n",
       "      <td>-0.188700</td>\n",
       "      <td>1.634309</td>\n",
       "      <td>2.584572</td>\n",
       "      <td>0.751749</td>\n",
       "      <td>-0.392173</td>\n",
       "      <td>-0.288489</td>\n",
       "      <td>1.759288</td>\n",
       "      <td>0.734723</td>\n",
       "      <td>-0.414686</td>\n",
       "      <td>-1.267311</td>\n",
       "    </tr>\n",
       "    <tr>\n",
       "      <th>2</th>\n",
       "      <td>0.996262</td>\n",
       "      <td>-0.527982</td>\n",
       "      <td>-1.473952</td>\n",
       "      <td>-1.089808</td>\n",
       "      <td>0.265200</td>\n",
       "      <td>-0.493751</td>\n",
       "      <td>-1.095232</td>\n",
       "      <td>1.392335</td>\n",
       "      <td>0.401633</td>\n",
       "      <td>-0.288489</td>\n",
       "      <td>1.002574</td>\n",
       "      <td>0.734723</td>\n",
       "      <td>-0.414686</td>\n",
       "      <td>-1.267311</td>\n",
       "    </tr>\n",
       "    <tr>\n",
       "      <th>3</th>\n",
       "      <td>-1.003752</td>\n",
       "      <td>-0.185265</td>\n",
       "      <td>-1.473952</td>\n",
       "      <td>-1.089808</td>\n",
       "      <td>-1.051112</td>\n",
       "      <td>0.263694</td>\n",
       "      <td>-1.134379</td>\n",
       "      <td>1.392335</td>\n",
       "      <td>0.401633</td>\n",
       "      <td>-0.288489</td>\n",
       "      <td>1.002574</td>\n",
       "      <td>0.734723</td>\n",
       "      <td>-0.414686</td>\n",
       "      <td>-1.267311</td>\n",
       "    </tr>\n",
       "    <tr>\n",
       "      <th>4</th>\n",
       "      <td>0.996262</td>\n",
       "      <td>0.271693</td>\n",
       "      <td>-1.473952</td>\n",
       "      <td>-1.089808</td>\n",
       "      <td>-0.551821</td>\n",
       "      <td>1.021139</td>\n",
       "      <td>-0.077414</td>\n",
       "      <td>-0.493835</td>\n",
       "      <td>0.401633</td>\n",
       "      <td>0.380823</td>\n",
       "      <td>0.245861</td>\n",
       "      <td>0.734723</td>\n",
       "      <td>-0.414686</td>\n",
       "      <td>-1.267311</td>\n",
       "    </tr>\n",
       "  </tbody>\n",
       "</table>\n",
       "</div>"
      ],
      "text/plain": [
       "         0         1         2         3         4         5         6   \\\n",
       "0  0.996262 -1.327658 -1.473952 -1.089808 -0.188700  0.912933  1.253579   \n",
       "1 -1.003752 -0.984940 -1.473952 -1.089808 -0.188700  1.634309  2.584572   \n",
       "2  0.996262 -0.527982 -1.473952 -1.089808  0.265200 -0.493751 -1.095232   \n",
       "3 -1.003752 -0.185265 -1.473952 -1.089808 -1.051112  0.263694 -1.134379   \n",
       "4  0.996262  0.271693 -1.473952 -1.089808 -0.551821  1.021139 -0.077414   \n",
       "\n",
       "         7         8         9         10        11        12        13  \n",
       "0  0.111163  1.844915 -0.288489 -0.473017  0.734723 -0.414686 -1.267311  \n",
       "1  0.751749 -0.392173 -0.288489  1.759288  0.734723 -0.414686 -1.267311  \n",
       "2  1.392335  0.401633 -0.288489  1.002574  0.734723 -0.414686 -1.267311  \n",
       "3  1.392335  0.401633 -0.288489  1.002574  0.734723 -0.414686 -1.267311  \n",
       "4 -0.493835  0.401633  0.380823  0.245861  0.734723 -0.414686 -1.267311  "
      ]
     },
     "execution_count": 8,
     "metadata": {},
     "output_type": "execute_result"
    }
   ],
   "source": [
    "scaler = StandardScaler()\n",
    "\n",
    "X_scaled = scaler.fit_transform(X)\n",
    "X_scaled = pd.DataFrame(X_scaled)\n",
    "X_scaled.head()"
   ]
  },
  {
   "cell_type": "code",
   "execution_count": 9,
   "id": "5d930e10-c5e1-46a9-aa04-46fe8e4e1798",
   "metadata": {},
   "outputs": [
    {
     "data": {
      "text/plain": [
       "((200, 14), (200, 1), (67, 14), (67, 1))"
      ]
     },
     "execution_count": 9,
     "metadata": {},
     "output_type": "execute_result"
    }
   ],
   "source": [
    "X_train, X_test, y_train, y_test = train_test_split(X_scaled,y, random_state=10)\n",
    "X_train.shape, y_train.shape, X_test.shape, y_test.shape"
   ]
  },
  {
   "cell_type": "code",
   "execution_count": 10,
   "id": "d5cbb6b0-f7c9-4535-962a-b07ade08092c",
   "metadata": {
    "scrolled": true
   },
   "outputs": [
    {
     "name": "stdout",
     "output_type": "stream",
     "text": [
      "Covariance Matrix:\n",
      " [[ 1.00252663e+00 -2.07813691e-02  5.29161273e-02  1.74543623e-02\n",
      "   9.53426240e-03 -5.71758099e-02 -2.94488672e-02  5.09682576e-03\n",
      "  -7.74228702e-03 -2.44196835e-02 -6.88937150e-02 -2.54186728e-02\n",
      "   2.03350805e-02  2.93290592e-02]\n",
      " [-2.07813691e-02  9.84182210e-01  1.29097894e-03 -2.37318925e-02\n",
      "   8.73042936e-02 -7.66404485e-02  2.47022255e-03  2.58765862e-02\n",
      "  -6.24197860e-02  3.47711968e-02 -3.56589284e-02 -1.02066032e-02\n",
      "  -4.34709599e-02 -1.68355537e-03]\n",
      " [ 5.29161273e-02  1.29097894e-03  1.00992063e+00 -2.70415706e-01\n",
      "  -1.37953028e-01 -1.60233606e-01 -9.97121679e-04 -2.43493062e-01\n",
      "  -1.10148844e-01 -2.27872797e-01 -2.58894516e-01 -3.35964184e-01\n",
      "   1.09205468e-01  9.42259709e-02]\n",
      " [ 1.74543623e-02 -2.37318925e-02 -2.70415706e-01  9.97589693e-01\n",
      "   1.15578690e-02 -3.87032971e-02 -1.55710149e-02  8.73262061e-02\n",
      "   4.06175725e-02 -6.00772069e-01 -2.92927805e-02  1.33374148e-01\n",
      "   5.28136840e-01 -1.84773740e-01]\n",
      " [ 9.53426240e-03  8.73042936e-02 -1.37953028e-01  1.15578690e-02\n",
      "   1.03103945e+00 -1.71054871e-01  1.57626066e-02 -2.09297009e-02\n",
      "  -2.35032652e-01  1.16742703e-01 -3.56895742e-02  7.12271693e-02\n",
      "  -1.50446007e-01  1.61284095e-02]\n",
      " [-5.71758099e-02 -7.66404485e-02 -1.60233606e-01 -3.87032971e-02\n",
      "  -1.71054871e-01  9.33572150e-01  2.44554284e-02  3.26249346e-02\n",
      "   3.87643691e-01  1.06504075e-01  2.16994800e-01  3.59937114e-02\n",
      "   1.39570749e-01  8.97083257e-02]\n",
      " [-2.94488672e-02  2.47022255e-03 -9.97121679e-04 -1.55710149e-02\n",
      "   1.57626066e-02  2.44554284e-02  1.02391120e+00  1.96379908e-02\n",
      "   2.22864000e-02  7.61090153e-02  3.69870714e-02  8.18026549e-03\n",
      "   2.31882793e-02 -6.14084304e-03]\n",
      " [ 5.09682576e-03  2.58765862e-02 -2.43493062e-01  8.73262061e-02\n",
      "  -2.09297009e-02  3.26249346e-02  1.96379908e-02  9.73048525e-01\n",
      "   8.20277131e-02 -1.47215116e-01  2.98960532e-01  1.71476071e-01\n",
      "   2.20100478e-01  1.35880636e-01]\n",
      " [-7.74228702e-03 -6.24197860e-02 -1.10148844e-01  4.06175725e-02\n",
      "  -2.35032652e-01  3.87643691e-01  2.22864000e-02  8.20277131e-02\n",
      "   9.62589452e-01 -3.72332601e-02  3.10629968e-01 -6.52046198e-02\n",
      "   1.80025617e-01  1.38496747e-01]\n",
      " [-2.44196835e-02  3.47711968e-02 -2.27872797e-01 -6.00772069e-01\n",
      "   1.16742703e-01  1.06504075e-01  7.61090153e-02 -1.47215116e-01\n",
      "  -3.72332601e-02  1.00895132e+00  4.85069079e-03  1.14033361e-02\n",
      "  -4.41556793e-01  6.72742652e-02]\n",
      " [-6.88937150e-02 -3.56589284e-02 -2.58894516e-01 -2.92927805e-02\n",
      "  -3.56895742e-02  2.16994800e-01  3.69870714e-02  2.98960532e-01\n",
      "   3.10629968e-01  4.85069079e-03  1.01332251e+00  1.39319733e-01\n",
      "   1.20605218e-01  2.09653372e-01]\n",
      " [-2.54186728e-02 -1.02066032e-02 -3.35964184e-01  1.33374148e-01\n",
      "   7.12271693e-02  3.59937114e-02  8.18026549e-03  1.71476071e-01\n",
      "  -6.52046198e-02  1.14033361e-02  1.39319733e-01  1.01227190e+00\n",
      "   1.33709790e-01 -6.58684135e-02]\n",
      " [ 2.03350805e-02 -4.34709599e-02  1.09205468e-01  5.28136840e-01\n",
      "  -1.50446007e-01  1.39570749e-01  2.31882793e-02  2.20100478e-01\n",
      "   1.80025617e-01 -4.41556793e-01  1.20605218e-01  1.33709790e-01\n",
      "   1.00368515e+00 -2.82654985e-01]\n",
      " [ 2.93290592e-02 -1.68355537e-03  9.42259709e-02 -1.84773740e-01\n",
      "   1.61284095e-02  8.97083257e-02 -6.14084304e-03  1.35880636e-01\n",
      "   1.38496747e-01  6.72742652e-02  2.09653372e-01 -6.58684135e-02\n",
      "  -2.82654985e-01  9.99860183e-01]]\n"
     ]
    }
   ],
   "source": [
    "covariance_matrix = np.cov([X_train.iloc[:,0], X_train.iloc[:,1], X_train.iloc[:,2], X_train.iloc[:,3],\n",
    "                          X_train.iloc[:,4], X_train.iloc[:,5], X_train.iloc[:,6], X_train.iloc[:,7],\n",
    "                          X_train.iloc[:,8], X_train.iloc[:,9], X_train.iloc[:,10], X_train.iloc[:,11],\n",
    "                           X_train.iloc[:,12], X_train.iloc[:,13]])\n",
    "print(\"Covariance Matrix:\\n\", covariance_matrix)"
   ]
  },
  {
   "cell_type": "code",
   "execution_count": 11,
   "id": "d676a346-76c8-4e60-a628-db699c2cda48",
   "metadata": {},
   "outputs": [],
   "source": [
    "eigen_values, eigen_vectors = np.linalg.eig(covariance_matrix)"
   ]
  },
  {
   "cell_type": "code",
   "execution_count": 12,
   "id": "f9f5f4b3-57c1-4932-9999-39c9cedb5616",
   "metadata": {},
   "outputs": [
    {
     "data": {
      "text/plain": [
       "array([2.29737533, 1.93960858, 1.58673493, 0.13169211, 0.39348982,\n",
       "       1.17417897, 0.4987287 , 0.62082849, 1.04216791, 0.99451762,\n",
       "       0.93748811, 0.8795275 , 0.73200207, 0.72813085])"
      ]
     },
     "execution_count": 12,
     "metadata": {},
     "output_type": "execute_result"
    }
   ],
   "source": [
    "eigen_values"
   ]
  },
  {
   "cell_type": "code",
   "execution_count": 13,
   "id": "79548f6f-15f7-4620-9b17-fd850a7fd5fc",
   "metadata": {
    "scrolled": true
   },
   "outputs": [
    {
     "data": {
      "text/plain": [
       "array([[ 9.45339861e-03, -9.25312577e-02,  4.55626319e-02,\n",
       "         2.07958783e-04, -4.96187085e-02, -2.55314526e-01,\n",
       "        -8.22546399e-02, -7.72216560e-02, -3.87338219e-01,\n",
       "         7.29609786e-01,  4.72971249e-01,  4.31891443e-02,\n",
       "        -2.94621263e-02,  9.98060855e-03],\n",
       "       [ 6.86039572e-02, -4.15224513e-02, -1.47591989e-01,\n",
       "         6.81720887e-03, -1.38588712e-02, -2.08017318e-01,\n",
       "        -4.72956124e-02, -5.64335977e-02,  3.43156177e-01,\n",
       "        -4.05568365e-01,  7.78914910e-01,  1.03495441e-01,\n",
       "         1.45906390e-01,  4.36387038e-02],\n",
       "       [ 1.66142374e-01, -3.50668065e-01,  4.87275864e-01,\n",
       "        -4.96505386e-01, -5.64040399e-02, -2.00924071e-01,\n",
       "         6.86687568e-02,  7.36652656e-03,  1.77332367e-01,\n",
       "        -5.63806827e-03, -9.89553714e-02,  1.78743185e-01,\n",
       "        -1.04165953e-01,  4.82784941e-01],\n",
       "       [-4.94498232e-01, -2.52762490e-01, -1.61421795e-01,\n",
       "        -5.94133405e-01,  2.34370189e-01,  4.12514541e-03,\n",
       "        -1.19500351e-01, -2.88486449e-02, -3.07068859e-02,\n",
       "        -6.28193036e-03,  1.52971812e-02, -3.40730062e-01,\n",
       "         2.81981611e-01, -2.13647277e-01],\n",
       "       [ 1.46738026e-01, -4.64309070e-02, -4.79622788e-01,\n",
       "         6.58449552e-03, -9.83250289e-02, -2.11840242e-01,\n",
       "         1.51960966e-01,  1.52383346e-01,  7.23047480e-02,\n",
       "         5.37220451e-02, -3.40642043e-02, -6.13765243e-01,\n",
       "        -2.97904684e-01,  4.13091334e-01],\n",
       "       [-1.51302948e-01,  3.71268438e-01,  2.40066340e-01,\n",
       "        -8.52315641e-02, -2.68685979e-01,  3.06886392e-01,\n",
       "        -4.58234878e-01,  4.85537665e-01, -7.39581555e-02,\n",
       "        -2.01327688e-02,  1.75677337e-01, -1.75685482e-01,\n",
       "         9.18020518e-02,  2.93671226e-01],\n",
       "       [ 4.05160855e-03,  7.29861455e-02, -1.61697933e-02,\n",
       "         2.67910720e-02, -6.37781940e-02,  1.69044311e-01,\n",
       "        -1.49295837e-02, -2.05846655e-02,  8.02546027e-01,\n",
       "         5.30833076e-01, -5.26369777e-02, -3.84318233e-02,\n",
       "         1.47362237e-01, -9.25200484e-02],\n",
       "       [-2.76917363e-01,  2.29506485e-01, -1.50856014e-01,\n",
       "        -2.04727088e-01, -1.22930412e-01, -4.23196695e-01,\n",
       "         1.46360032e-01,  5.11600592e-01,  1.06603892e-01,\n",
       "         2.36221168e-02, -6.41094122e-02,  3.57910288e-01,\n",
       "        -3.32647343e-01, -2.71703214e-01],\n",
       "       [-2.28539772e-01,  3.47776768e-01,  3.61337192e-01,\n",
       "        -6.13987894e-02, -8.77171518e-02,  1.03052458e-01,\n",
       "         7.37563196e-01, -1.19147614e-01, -3.39589886e-02,\n",
       "        -1.27875937e-02,  2.10450875e-01, -2.64495422e-01,\n",
       "         1.77852713e-02, -9.81503895e-03],\n",
       "       [ 4.23104574e-01,  3.50119493e-01, -1.42177221e-01,\n",
       "        -3.79413211e-01,  6.08820445e-01,  2.89471806e-01,\n",
       "         5.37516838e-02,  8.64189889e-02, -4.08853118e-02,\n",
       "         8.30380056e-02,  1.34946414e-01,  1.06799903e-01,\n",
       "        -1.76404239e-01,  1.06882670e-02],\n",
       "       [-2.21108317e-01,  4.67122485e-01,  1.09375121e-02,\n",
       "        -1.30462151e-01, -3.38323656e-02, -2.20606291e-01,\n",
       "        -3.49210268e-01, -6.37214031e-01,  8.12446585e-02,\n",
       "        -4.33435215e-02, -8.12688617e-02, -1.05826456e-02,\n",
       "        -3.29320343e-01,  1.19660073e-01],\n",
       "       [-1.97434662e-01,  1.51424680e-01, -4.50137669e-01,\n",
       "        -8.32265060e-02, -1.16474187e-01,  1.01126262e-01,\n",
       "         2.13901836e-01, -9.88087992e-02, -1.10414440e-01,\n",
       "         8.33698068e-02, -1.01955322e-01,  4.32391603e-01,\n",
       "         4.28399209e-01,  4.99203842e-01],\n",
       "       [-5.15891815e-01, -1.72331570e-01,  1.06069843e-01,\n",
       "         3.91378248e-01,  5.59144413e-01,  7.77416915e-02,\n",
       "        -4.86112481e-05,  1.15477608e-01,  1.08916351e-01,\n",
       "         3.89331431e-02,  8.35012292e-02,  8.64495188e-02,\n",
       "        -2.63337267e-01,  3.32471567e-01],\n",
       "       [ 1.29176091e-01,  3.00827590e-01,  1.92830838e-01,\n",
       "         1.60170254e-01,  3.63985756e-01, -5.87433110e-01,\n",
       "        -5.19187582e-02,  1.34293632e-01,  1.41888660e-02,\n",
       "         8.69809761e-03, -1.84899840e-01, -1.62219888e-01,\n",
       "         5.14951817e-01,  7.56890435e-02]])"
      ]
     },
     "execution_count": 13,
     "metadata": {},
     "output_type": "execute_result"
    }
   ],
   "source": [
    "eigen_vectors"
   ]
  },
  {
   "cell_type": "code",
   "execution_count": 14,
   "id": "5c18ea69-b47e-4026-b57c-fca82e820ebf",
   "metadata": {},
   "outputs": [
    {
     "data": {
      "text/plain": [
       "(14, 14)"
      ]
     },
     "execution_count": 14,
     "metadata": {},
     "output_type": "execute_result"
    }
   ],
   "source": [
    "eigen_vectors.shape"
   ]
  },
  {
   "cell_type": "code",
   "execution_count": 15,
   "id": "e9fa0564-fa52-4984-94bc-d210bbb6d1eb",
   "metadata": {
    "scrolled": true
   },
   "outputs": [
    {
     "name": "stdout",
     "output_type": "stream",
     "text": [
      "0.33723364382543236\n",
      "0.5702445825811775\n",
      "0.2550530590434999\n",
      "-1.706756946263338\n",
      "-0.7851681369925921\n",
      "0.7316776743291948\n",
      "1.4545633911644398\n",
      "-0.47148413648485005\n",
      "0.9601053902686636\n",
      "1.4082795975976479\n",
      "-1.3779840668949195\n",
      "0.7513656536864388\n",
      "0.9484743496527963\n",
      "0.9083403905434524\n"
     ]
    }
   ],
   "source": [
    "for i in eigen_vectors:\n",
    "    sum = np.sum(i)\n",
    "    print(sum)"
   ]
  },
  {
   "cell_type": "code",
   "execution_count": 16,
   "id": "52ce699e-3aeb-4eb6-83ab-ca6015ef3c22",
   "metadata": {},
   "outputs": [
    {
     "data": {
      "text/plain": [
       "array([[ 0.00405161,  0.07298615, -0.01616979,  0.02679107, -0.06377819,\n",
       "         0.16904431, -0.01492958, -0.02058467,  0.80254603,  0.53083308,\n",
       "        -0.05263698, -0.03843182,  0.14736224, -0.09252005],\n",
       "       [ 0.42310457,  0.35011949, -0.14217722, -0.37941321,  0.60882044,\n",
       "         0.28947181,  0.05375168,  0.08641899, -0.04088531,  0.08303801,\n",
       "         0.13494641,  0.1067999 , -0.17640424,  0.01068827]])"
      ]
     },
     "execution_count": 16,
     "metadata": {},
     "output_type": "execute_result"
    }
   ],
   "source": [
    "pc = eigen_vectors[[6,9]]\n",
    "pc"
   ]
  },
  {
   "cell_type": "code",
   "execution_count": 17,
   "id": "31d63a21-f9f9-4d3a-9663-85d1a43d586b",
   "metadata": {},
   "outputs": [
    {
     "data": {
      "text/plain": [
       "(2, 14)"
      ]
     },
     "execution_count": 17,
     "metadata": {},
     "output_type": "execute_result"
    }
   ],
   "source": [
    "pc.shape"
   ]
  },
  {
   "cell_type": "code",
   "execution_count": 18,
   "id": "d283f29c-0540-4f89-9a67-3d1f3170a06c",
   "metadata": {
    "scrolled": true
   },
   "outputs": [
    {
     "data": {
      "text/plain": [
       "array([[-0.10636515,  1.78806704],\n",
       "       [ 0.43820577,  2.33852353],\n",
       "       [-1.58107934, -0.38674072],\n",
       "       [-0.13456075,  0.30609703],\n",
       "       [-1.32136159,  0.00686356],\n",
       "       [-0.32313302, -0.22256977],\n",
       "       [-0.94908666, -0.95606238],\n",
       "       [ 1.66642781, -0.65494487],\n",
       "       [ 0.7080394 ,  1.28638694],\n",
       "       [ 0.23378655,  0.92690487],\n",
       "       [-1.58042686,  1.64494461],\n",
       "       [ 0.60780457, -0.85120701],\n",
       "       [-0.30887329, -0.79005769],\n",
       "       [ 1.19232799, -0.46103021],\n",
       "       [-0.0082293 ,  1.1726945 ],\n",
       "       [-0.12912416, -0.09822969],\n",
       "       [-0.93071973,  1.25247508],\n",
       "       [ 0.69600312, -0.69059517],\n",
       "       [ 0.37240142,  0.83955465],\n",
       "       [ 0.92247576,  0.32632116],\n",
       "       [ 0.11773368,  3.16464691],\n",
       "       [ 0.10375803,  0.13783873],\n",
       "       [ 0.04753712,  0.54846204],\n",
       "       [-1.3966087 , -1.21553971],\n",
       "       [-1.12038595,  0.10342186],\n",
       "       [-0.2157136 ,  1.96650168],\n",
       "       [-1.4471493 ,  0.47165511],\n",
       "       [ 0.52701314,  1.50820137],\n",
       "       [ 1.07709545, -0.01922925],\n",
       "       [-0.01228004, -0.68826238],\n",
       "       [-0.93814401,  1.28581914],\n",
       "       [ 2.09529877, -0.55848143],\n",
       "       [ 1.24138368, -1.22836891],\n",
       "       [ 0.17176686, -1.18747866],\n",
       "       [-1.29002655,  0.04326259],\n",
       "       [ 1.23023399, -2.3397279 ],\n",
       "       [-0.42333357, -1.94427941],\n",
       "       [ 0.9510309 , -1.18383924],\n",
       "       [ 1.27971028, -0.35304321],\n",
       "       [-0.03909142, -0.09861182],\n",
       "       [-0.87474001,  0.24971568],\n",
